timestamp,found_marker_index,found_marker_id,CoordX,CoordY,CoordZ,R00,R01,R02,R10,R11,R12,R20,R21,R22
1687855922.2259343,-1,-1,0.0,0.0,0.0,0.0,0.0,0.0,0.0,0.0,0.0,0.0,0.0,0.0
1687855922.327425,-1,-1,0.0,0.0,0.0,0.0,0.0,0.0,0.0,0.0,0.0,0.0,0.0,0.0
1687855922.3903673,0,668,-60.20512008666992,-19.15094757080078,608.9144287109375,-0.8336268663406372,-0.21367087960243225,0.5093240141868591,-0.2698604166507721,0.9621473550796509,-0.03805048391222954,-0.4819144904613495,-0.16916629672050476,-0.8597332239151001
1687855922.394505,0,668,-60.17230224609375,-19.046192169189453,608.839111328125,-0.8335282206535339,-0.21481549739837646,0.5090039372444153,-0.2707938849925995,0.9619070887565613,-0.03748849034309387,-0.4815613925457001,-0.1690828651189804,-0.8599474430084229
1687855922.4029768,0,668,-60.12625503540039,-18.933935165405273,608.7779541015625,-0.833285391330719,-0.21593491733074188,0.5089278221130371,-0.2717098593711853,0.9616735577583313,-0.036847978830337524,-0.4814656674861908,-0.16898559033870697,-0.8600201606750488
1687855922.4112484,0,668,-60.072357177734375,-18.81648826599121,608.7276611328125,-0.8330348134040833,-0.21672795712947845,0.5090009570121765,-0.2723958492279053,0.9614961743354797,-0.03640882670879364,-0.4815116822719574,-0.16897957026958466,-0.8599956035614014
1687855922.4197419,0,668,-60.01136016845703,-18.696727752685547,608.679931640625,-0.8326744437217712,-0.21720363199710846,0.509387731552124,-0.27278414368629456,0.9614027738571167,-0.03596516326069832,-0.48191502690315247,-0.16890017688274384,-0.859785258769989
1687855922.427931,0,668,-59.9512825012207,-18.58038330078125,608.6343383789062,-0.8324583172798157,-0.21747705340385437,0.5096242427825928,-0.2729257345199585,0.961377739906311,-0.03555894270539284,-0.48220813274383545,-0.16869090497493744,-0.8596619963645935
1687855922.4362996,0,668,-59.8995246887207,-18.467370986938477,608.595703125,-0.8324819803237915,-0.21759919822216034,0.5095334053039551,-0.2728956937789917,0.9613961577415466,-0.035290565341711044,-0.4821842312812805,-0.1684282273054123,-0.8597268462181091
1687855922.4444864,0,668,-59.85432815551758,-18.361780166625977,608.5562133789062,-0.8325275182723999,-0.21760185062885284,0.5094579458236694,-0.27276182174682617,0.9614419341087341,-0.0350768156349659,-0.48218145966529846,-0.16816307604312897,-0.8597803115844727
1687855922.4530084,0,668,-59.81003189086914,-18.271753311157227,608.5179443359375,-0.8327502608299255,-0.21760614216327667,0.5090919733047485,-0.27257096767425537,0.9615033864974976,-0.03487483039498329,-0.48190465569496155,-0.1678057163953781,-0.8600053191184998
1687855922.4617174,0,668,-59.77851867675781,-18.193490982055664,608.5115966796875,-0.8323822617530823,-0.2174212634563446,0.5097723007202148,-0.2724236249923706,0.961550772190094,-0.03471943736076355,-0.48262321949005127,-0.16777387261390686,-0.8596084713935852
1687855922.4695425,0,668,-59.737770080566406,-18.121143341064453,608.49365234375,-0.8324504494667053,-0.21731023490428925,0.5097082853317261,-0.2724185287952423,0.9615433812141418,-0.034964486956596375,-0.48250851035118103,-0.16796018183231354,-0.8596364855766296
1687855922.4778311,0,668,-59.701316833496094,-18.056434631347656,608.4899291992188,-0.8323039412498474,-0.21724984049797058,0.5099731683731079,-0.2722702622413635,0.96159428358078,-0.03471832349896431,-0.4828447103500366,-0.16774672269821167,-0.859489381313324
1687855922.4864116,0,668,-59.672115325927734,-17.991703033447266,608.4883422851562,-0.832073450088501,-0.21711096167564392,0.5104082822799683,-0.2722938060760498,0.9615820646286011,-0.034870974719524384,-0.4832285940647125,-0.16799622774124146,-0.8592249155044556
1687855922.4944217,0,668,-59.65272521972656,-17.930644989013672,608.4833984375,-0.8321245312690735,-0.21732130646705627,0.5102354884147644,-0.2721956670284271,0.9616292119026184,-0.034333523362874985,-0.4831959307193756,-0.16745366156101227,-0.8593491315841675
1687855922.5030584,0,668,-59.649452209472656,-17.87311553955078,608.4890747070312,-0.8319313526153564,-0.2174084484577179,0.5105132460594177,-0.2722039818763733,0.9616366624832153,-0.03405807912349701,-0.4835236966609955,-0.16729772090911865,-0.8591951727867126
1687855922.511245,0,668,-59.6450080871582,-17.82038688659668,608.4877319335938,-0.8319687247276306,-0.21742022037506104,0.5104473829269409,-0.27225056290626526,0.9616204500198364,-0.03414304554462433,-0.48343324661254883,-0.16737553477287292,-0.8592308759689331
1687855922.5196302,0,668,-59.638816833496094,-17.772872924804688,608.4982299804688,-0.8321548104286194,-0.21737165749073029,0.5101646184921265,-0.2721468508243561,0.9616488218307495,-0.03417152911424637,-0.483171284198761,-0.16727569699287415,-0.8593976497650146
1687855922.5280755,0,668,-59.62755584716797,-17.728168487548828,608.50390625,-0.832131564617157,-0.21702910959720612,0.5103483200073242,-0.2718413770198822,0.9617320895195007,-0.03425884246826172,-0.4833831787109375,-0.1672416627407074,-0.8592851161956787
1687855922.5362608,0,668,-59.61460876464844,-17.683595657348633,608.5247802734375,-0.8320159912109375,-0.21672850847244263,0.5106644034385681,-0.2714378833770752,0.9618540406227112,-0.03403306007385254,-0.483808696269989,-0.1669297069311142,-0.8591063022613525
1687855922.544618,0,668,-59.595619201660156,-17.63450813293457,608.5427856445312,-0.8318848013877869,-0.21636393666267395,0.5110325813293457,-0.2709815800189972,0.9619900584220886,-0.03382464125752449,-0.48428982496261597,-0.16661861538887024,-0.8588955402374268
1687855922.5527623,0,668,-59.57301330566406,-17.579727172851562,608.56201171875,-0.83185875415802,-0.2158396989107132,0.5112965703010559,-0.27046820521354675,0.9621323943138123,-0.03388439491391182,-0.48462143540382385,-0.16647650301456451,-0.8587360978126526
1687855922.5612876,0,668,-59.55213165283203,-17.523284912109375,608.5852661132812,-0.8318197131156921,-0.21543101966381073,0.5115324854850769,-0.2699103057384491,0.9622976779937744,-0.033639974892139435,-0.4849993884563446,-0.1660502701997757,-0.8586052060127258
1687855922.5694923,0,668,-59.53615188598633,-17.470977783203125,608.60888671875,-0.8317041993141174,-0.21500538289546967,0.5118991732597351,-0.2695077657699585,0.9624099731445312,-0.03365391492843628,-0.4854211211204529,-0.16595089435577393,-0.8583860993385315
1687855922.5779479,0,668,-59.52600860595703,-17.42844009399414,608.6398315429688,-0.8316150307655334,-0.21483494341373444,0.5121155977249146,-0.2692224085330963,0.9624982476234436,-0.0334126353263855,-0.48573216795921326,-0.16565944254398346,-0.8582664132118225
1687855922.586341,0,668,-59.52336502075195,-17.400503158569336,608.6868286132812,-0.8315246105194092,-0.21465899050235748,0.5123361945152283,-0.26896318793296814,0.9625771045684814,-0.03322754055261612,-0.4860305190086365,-0.16542908549308777,-0.8581418991088867
1687855922.594808,0,668,-59.52690887451172,-17.394634246826172,608.7413940429688,-0.8315858244895935,-0.21437911689281464,0.5123540163040161,-0.2688348889350891,0.9626012444496155,-0.03356599435210228,-0.4859967529773712,-0.16565163433551788,-0.8581181168556213
1687855922.6028144,0,668,-59.542625427246094,-17.416622161865234,608.8165893554688,-0.8314287066459656,-0.21393069624900818,0.5127962231636047,-0.26860472559928894,0.9626536965370178,-0.0339013896882534,-0.486392617225647,-0.16592608392238617,-0.8578407168388367
1687855922.6112645,0,668,-59.55004119873047,-17.46228790283203,608.8834228515625,-0.8315452933311462,-0.2136198729276657,0.5127367377281189,-0.26851072907447815,0.9626624584197998,-0.03439386561512947,-0.48624518513679504,-0.16627535223960876,-0.8578566908836365
1687855922.6195018,0,668,-59.56150436401367,-17.51607894897461,608.966552734375,-0.8315126895904541,-0.21345621347427368,0.5128577351570129,-0.2685812711715698,0.9626280069351196,-0.03480460122227669,-0.4862619936466217,-0.16668446362018585,-0.8577677607536316
1687855922.627945,0,668,-59.56481170654297,-17.567174911499023,609.0523681640625,-0.8315391540527344,-0.2135111540555954,0.5127919912338257,-0.26879191398620605,0.9625588655471802,-0.035090140998363495,-0.48610034584999084,-0.16701315343379974,-0.8577954769134521
1687855922.6362386,0,668,-59.56037521362305,-17.614328384399414,609.1328125,-0.831383466720581,-0.21369154751300812,0.5129691958427429,-0.2691667079925537,0.9624460339546204,-0.035312406718730927,-0.48615920543670654,-0.16743238270282745,-0.8576803803443909
1687855922.6447191,0,668,-59.53786087036133,-17.65148162841797,609.2048950195312,-0.8313137888908386,-0.21414999663829803,0.5128909945487976,-0.26970356702804565,0.9622941613197327,-0.03535450994968414,-0.4859808683395386,-0.16771923005580902,-0.8577253818511963
1687855922.652926,0,668,-59.509639739990234,-17.68103790283203,609.2884521484375,-0.8311710953712463,-0.21452735364437103,0.5129646062850952,-0.270332932472229,0.9621061086654663,-0.035664934664964676,-0.4858752489089966,-0.1683148890733719,-0.8576685786247253
1687855922.6611254,0,668,-59.46730422973633,-17.705585479736328,609.36474609375,-0.8311697244644165,-0.2149716019630432,0.5127807855606079,-0.2707672715187073,0.9619864225387573,-0.03559764847159386,-0.4856356680393219,-0.16843193769454956,-0.8577812314033508
1687855922.6697726,0,668,-59.4139404296875,-17.731313705444336,609.4435424804688,-0.8307734727859497,-0.21498365700244904,0.5134174227714539,-0.2709697484970093,0.9619265794754028,-0.03567466512322426,-0.48620036244392395,-0.16875815391540527,-0.8573971390724182
1687855922.6779778,0,668,-59.346275329589844,-17.754709243774414,609.5257568359375,-0.8305830955505371,-0.2148200124502182,0.5137937664985657,-0.2709704041481018,0.9619195461273193,-0.03585849702358246,-0.48652517795562744,-0.1690063774585724,-0.8571639657020569
1687855922.6862912,0,668,-59.27400588989258,-17.77649688720703,609.600830078125,-0.8304274678230286,-0.21447335183620453,0.5141900777816772,-0.2707684338092804,0.961969256401062,-0.03605044260621071,-0.48690319061279297,-0.16916371881961823,-0.8569182753562927
1687855922.6946206,0,668,-59.19295883178711,-17.792808532714844,609.6660766601562,-0.830371618270874,-0.21414142847061157,0.5144185423851013,-0.27059000730514526,0.9620092511177063,-0.03632105886936188,-0.4870975613594055,-0.16935649514198303,-0.8567697405815125
1687855922.702858,0,668,-59.105003356933594,-17.811216354370117,609.72265625,-0.8303714990615845,-0.21401476860046387,0.5144714713096619,-0.27041202783584595,0.9620621800422668,-0.03624485060572624,-0.48719659447669983,-0.16921596229076385,-0.856741189956665
1687855922.711158,0,668,-59.00994110107422,-17.829179763793945,609.78125,-0.8303682208061218,-0.2137659639120102,0.5145801901817322,-0.2703324854373932,0.9620723128318787,-0.03656800091266632,-0.4872463345527649,-0.16947263479232788,-0.8566621541976929
1687855922.719499,0,668,-58.90656661987305,-17.840988159179688,609.8350830078125,-0.8302363157272339,-0.21373532712459564,0.5148056745529175,-0.270487517118454,0.9620194435119629,-0.036811962723731995,-0.4873850643634796,-0.16981114447116852,-0.8565161824226379
1687855922.7279053,0,668,-58.7944221496582,-17.84504508972168,609.8721923828125,-0.8300752639770508,-0.21396684646606445,0.5149691700935364,-0.2707293629646301,0.9619556665420532,-0.0366995595395565,-0.48752501606941223,-0.169880673289299,-0.8564227223396301
1687855922.7362983,0,668,-58.684547424316406,-17.834171295166016,609.91015625,-0.8297802805900574,-0.21413986384868622,0.5153725147247314,-0.27109673619270325,0.9618472456932068,-0.03682945668697357,-0.4878229796886444,-0.17027616500854492,-0.8561744689941406
1687855922.7447548,0,668,-58.56930923461914,-17.807064056396484,609.92578125,-0.8297149538993835,-0.2144402414560318,0.515352725982666,-0.27132344245910645,0.9617911577224731,-0.036624178290367126,-0.4878080189228058,-0.17021490633487701,-0.8561952114105225
1687855922.7529466,0,668,-58.45414352416992,-17.768993377685547,609.9286499023438,-0.8294705152511597,-0.21453237533569336,0.5157078504562378,-0.27143552899360657,0.9617646336555481,-0.03648984059691429,-0.4881612956523895,-0.17024867236614227,-0.8559871315956116
1687855922.761284,0,668,-58.34537887573242,-17.7255916595459,609.9351196289062,-0.829228401184082,-0.2145310938358307,0.5160975456237793,-0.2714780271053314,0.9617556929588318,-0.03640935942530632,-0.4885488450527191,-0.17030081152915955,-0.855755627155304
1687855922.769738,0,668,-58.24164962768555,-17.682838439941406,609.9246215820312,-0.8292350769042969,-0.21453088521957397,0.5160868763923645,-0.2713150084018707,0.9618123173713684,-0.03612859919667244,-0.48862800002098083,-0.1699812263250351,-0.8557739853858948
1687855922.7780576,0,668,-58.143375396728516,-17.640548706054688,609.8988647460938,-0.8293830156326294,-0.2144458293914795,0.515884518623352,-0.2711699604988098,0.9618532061576843,-0.036128897219896317,-0.48845747113227844,-0.16985706984996796,-0.8558959364891052
1687855922.7862709,0,668,-58.07064437866211,-17.603097915649414,609.8851928710938,-0.8290098309516907,-0.21402132511138916,0.5166600346565247,-0.271093487739563,0.9618590474128723,-0.036543991416692734,-0.48913294076919556,-0.17035850882530212,-0.8554103970527649
1687855922.794494,0,668,-57.999332427978516,-17.57229995727539,609.8446655273438,-0.8289428949356079,-0.21406863629817963,0.5167478322982788,-0.2711695432662964,0.9618375897407532,-0.03654550760984421,-0.4892042279243469,-0.17042042315006256,-0.85535728931427
1687855922.8028688,0,668,-57.93715286254883,-17.541759490966797,609.8021240234375,-0.828957200050354,-0.2143322080373764,0.5166155695915222,-0.2715284824371338,0.9617307186126709,-0.03669194504618645,-0.48898082971572876,-0.17069190740585327,-0.8554309010505676
1687855922.8112595,0,668,-57.877872467041016,-17.509389877319336,609.7423706054688,-0.8289262652397156,-0.21467770636081696,0.5165217518806458,-0.271931916475296,0.9616150856018066,-0.03673451021313667,-0.48880907893180847,-0.17090895771980286,-0.855485737323761
1687855922.8197963,0,668,-57.8170166015625,-17.47052764892578,609.6803588867188,-0.828951895236969,-0.2149493396282196,0.5163676142692566,-0.2722654342651367,0.9615170955657959,-0.03682935982942581,-0.4885798394680023,-0.171118825674057,-0.8555747270584106
1687855922.8279486,0,668,-57.74596405029297,-17.422950744628906,609.6091918945312,-0.8290857076644897,-0.2151571810245514,0.5160661339759827,-0.272469162940979,0.9614571928977966,-0.036886513233184814,-0.4882390797138214,-0.1711941808462143,-0.8557541370391846
1687855922.8361294,0,668,-57.67209243774414,-17.369953155517578,609.5338745117188,-0.8289456963539124,-0.21511678397655487,0.5163078904151917,-0.2725209891796112,0.9614396691322327,-0.03696107119321823,-0.488447904586792,-0.17134344577789307,-0.8556050658226013
1687855922.8444905,0,668,-57.591064453125,-17.307180404663086,609.4508056640625,-0.8288441896438599,-0.21499988436698914,0.5165194869041443,-0.27248919010162354,0.9614449739456177,-0.037056758999824524,-0.4886378347873688,-0.17146025598049164,-0.8554732203483582
1687855922.8529325,0,668,-57.52143478393555,-17.23689079284668,609.3607788085938,-0.8285647630691528,-0.21481679379940033,0.5170436501502991,-0.2723372280597687,0.9614921808242798,-0.03694924712181091,-0.48919612169265747,-0.17142508924007416,-0.8551611304283142
1687855922.861268,0,668,-57.46611404418945,-17.169055938720703,609.26025390625,-0.8285800218582153,-0.21453246474266052,0.5171372890472412,-0.27212122082710266,0.9615471363067627,-0.037110332399606705,-0.4892904758453369,-0.17147290706634521,-0.8550975918769836
1687855922.8697333,0,668,-57.427101135253906,-17.103591918945312,609.14599609375,-0.8286460638046265,-0.21435096859931946,0.5171067118644714,-0.27194279432296753,0.9615949392318726,-0.03717901185154915,-0.48927783966064453,-0.17143167555332184,-0.8551130890846252
1687855922.877932,0,668,-57.40092086791992,-17.0351619720459,609.0206909179688,-0.8287616968154907,-0.2145087867975235,0.5168558955192566,-0.2719534933567047,0.961599588394165,-0.03697953000664711,-0.48907598853111267,-0.1712079793214798,-0.8552733659744263
1687855922.8861985,0,668,-57.389644622802734,-16.953004837036133,608.886962890625,-0.8287638425827026,-0.21481259167194366,0.5167262554168701,-0.272236168384552,0.9615222811698914,-0.0369100496172905,-0.4889150857925415,-0.17126129567623138,-0.8553546667098999
1687855922.8946517,0,668,-57.387306213378906,-16.865684509277344,608.7285766601562,-0.8290823698043823,-0.21518906950950623,0.5160581469535828,-0.272350013256073,0.9615013003349304,-0.036616094410419464,-0.488311231136322,-0.1709062159061432,-0.8557705283164978
1687855922.9029212,0,668,-57.40595245361328,-16.773962020874023,608.5779418945312,-0.8290823698043823,-0.21500006318092346,0.5161370038986206,-0.2721494138240814,0.9615580439567566,-0.03661670908331871,-0.4884231388568878,-0.17082466185092926,-0.855722963809967
1687855922.911248,0,668,-57.42359924316406,-16.683963775634766,608.4160766601562,-0.8293657302856445,-0.21466214954853058,0.5158222913742065,-0.2715472877025604,0.9617374539375305,-0.03637568652629852,-0.4882771372795105,-0.1702388972043991,-0.8559229969978333
1687855922.9197366,0,668,-57.44110107421875,-16.590970993041992,608.257080078125,-0.8293084502220154,-0.2140686959028244,0.5161609053611755,-0.27081337571144104,0.9619525074958801,-0.03615906089544296,-0.48878178000450134,-0.169770285487175,-0.855728030204773
1687855922.9279706,0,668,-57.448917388916016,-16.496322631835938,608.0900268554688,-0.8295161128044128,-0.21363195776939392,0.516008198261261,-0.270158588886261,0.9621440172195435,-0.03596105799078941,-0.4887917637825012,-0.16923432052135468,-0.8558284640312195
1687855922.9361546,0,668,-57.461769104003906,-16.403554916381836,607.9314575195312,-0.8293429613113403,-0.21342651546001434,0.5163713693618774,-0.26970285177230835,0.962291419506073,-0.03543507680296898,-0.48933693766593933,-0.168654665350914,-0.8556313514709473
1687855922.9447153,0,668,-57.47541046142578,-16.31060791015625,607.77099609375,-0.8291954398155212,-0.2136053889989853,0.5165343284606934,-0.2696499228477478,0.9623252749443054,-0.03491467610001564,-0.4896160364151001,-0.16823452711105347,-0.8555543422698975
1687855922.9531481,0,668,-57.48172378540039,-16.2159481048584,607.6156005859375,-0.8289735317230225,-0.2145160287618637,0.5165131092071533,-0.2702116072177887,0.9621983766555786,-0.034057747572660446,-0.489682137966156,-0.16780079901218414,-0.8556017279624939
1687855922.9614286,0,668,-57.459739685058594,-16.12097930908203,607.4650268554688,-0.8286039233207703,-0.21597720682621002,0.5164971947669983,-0.271452397108078,0.9618766903877258,-0.033268481492996216,-0.4896213710308075,-0.16777078807353973,-0.8556423783302307
1687855922.9697587,0,668,-57.404136657714844,-16.021902084350586,607.3370971679688,-0.8278864622116089,-0.21781370043754578,0.5168763995170593,-0.2730979323387146,0.9614449143409729,-0.03226726874709129,-0.4899199306964874,-0.16787150502204895,-0.8554517030715942
1687855922.9780576,0,668,-57.31546401977539,-15.922457695007324,607.20703125,-0.8273398876190186,-0.21991471946239471,0.5168619155883789,-0.2748377025127411,0.9609891772270203,-0.03104991279542446,-0.4898703694343567,-0.16774196922779083,-0.8555054664611816
1687855922.9861567,0,668,-57.21837615966797,-15.818391799926758,607.10400390625,-0.8265151381492615,-0.22204020619392395,0.5172725915908813,-0.27676400542259216,0.9604714512825012,-0.02993849851191044,-0.4901779890060425,-0.16790705919265747,-0.8552969098091125
1687855922.994638,0,668,-57.118106842041016,-15.715597152709961,606.995849609375,-0.8258316516876221,-0.2245381474494934,0.517285943031311,-0.2788366675376892,0.9599160552024841,-0.02848401665687561,-0.49015527963638306,-0.16776128113269806,-0.8553385138511658
1687855923.0028582,0,668,-57.027400970458984,-15.610685348510742,606.8966064453125,-0.8250012397766113,-0.2271372228860855,0.5174762606620789,-0.281357079744339,0.959208071231842,-0.02753380686044693,-0.49011343717575073,-0.16831104457378387,-0.8552544713020325
1687855923.0112588,0,668,-56.94021987915039,-15.502350807189941,606.8111572265625,-0.8242053389549255,-0.2296416312456131,0.5176391005516052,-0.2837582230567932,0.9585275053977966,-0.02657685987651348,-0.4900681674480438,-0.16878913342952728,-0.8551862239837646
1687855923.0197322,0,668,-56.840293884277344,-15.407505989074707,606.7299194335938,-0.8236642479896545,-0.23135095834732056,0.5177392363548279,-0.28546342253685,0.9580357074737549,-0.026043109595775604,-0.4899875521659851,-0.1692463904619217,-0.8551419973373413
1687855923.0280213,0,668,-56.72938919067383,-15.328629493713379,606.6693115234375,-0.8228901624679565,-0.23236848413944244,0.5185138583183289,-0.28649547696113586,0.9577430486679077,-0.02546701580286026,-0.4906853437423706,-0.1695084273815155,-0.85468989610672
1687855923.0363612,0,668,-56.598506927490234,-15.251553535461426,606.6143798828125,-0.8225254416465759,-0.23306666314601898,0.5187792181968689,-0.28718236088752747,0.9575459361076355,-0.02514125034213066,-0.4908953309059143,-0.16966354846954346,-0.8545385003089905
1687855923.044658,0,668,-56.45846176147461,-15.17181396484375,606.5758056640625,-0.8220480680465698,-0.23347805440425873,0.519350528717041,-0.28782889246940613,0.9573501944541931,-0.025202477350831032,-0.4913161098957062,-0.17020173370838165,-0.8541895747184753
1687855923.0529733,0,668,-56.309146881103516,-15.095287322998047,606.5401000976562,-0.8215874433517456,-0.23383241891860962,0.5199196934700012,-0.2883358597755432,0.9571993350982666,-0.025136329233646393,-0.4917891323566437,-0.17056319117546082,-0.8538452386856079
1687855923.0614073,0,668,-56.16170120239258,-15.021425247192383,606.5158081054688,-0.8213207125663757,-0.23373642563819885,0.5203840136528015,-0.2886003851890564,0.9571073055267334,-0.025601547211408615,-0.49207934737205505,-0.17121011018753052,-0.8535484671592712
1687855923.0697384,0,668,-56.013851165771484,-14.952716827392578,606.4947509765625,-0.8211793303489685,-0.23353561758995056,0.520697295665741,-0.2886573374271393,0.9570799469947815,-0.02597896195948124,-0.4922819137573242,-0.17163647711277008,-0.853346049785614
1687855923.0780072,0,668,-55.86613845825195,-14.885421752929688,606.4793701171875,-0.8209235668182373,-0.23331859707832336,0.5211976170539856,-0.2885463833808899,0.9571122527122498,-0.026021670550107956,-0.49277329444885254,-0.1717514991760254,-0.8530392050743103
1687855923.086223,0,668,-55.710994720458984,-14.817719459533691,606.47265625,-0.8207393884658813,-0.23277629911899567,0.5217298269271851,-0.2884061634540558,0.9571370482444763,-0.02665647305548191,-0.49316197633743286,-0.17234811186790466,-0.8526942133903503
1687855923.0945468,0,668,-55.542049407958984,-14.753668785095215,606.4519653320312,-0.8207658529281616,-0.232325479388237,0.5218891501426697,-0.2878817319869995,0.9572966694831848,-0.026593925431370735,-0.49342432618141174,-0.1720697432756424,-0.8525986671447754
1687855923.1029043,0,668,-55.37665557861328,-14.684553146362305,606.4459838867188,-0.8205914497375488,-0.23141445219516754,0.5225676894187927,-0.2873309552669525,0.9574450254440308,-0.02720167301595211,-0.494035005569458,-0.17247134447097778,-0.8521637320518494
1687855923.1112008,0,668,-55.220638275146484,-14.618967056274414,606.4422607421875,-0.8201510906219482,-0.2304631620645523,0.5236782431602478,-0.2866419851779938,0.9576436877250671,-0.02747516892850399,-0.4951651692390442,-0.17264196276664734,-0.8514729738235474
1687855923.1203852,0,668,-55.06938552856445,-14.565160751342773,606.4265747070312,-0.8200592994689941,-0.2296362817287445,0.5241850018501282,-0.2859337329864502,0.9578486084938049,-0.027711253613233566,-0.4957263469696045,-0.17260703444480896,-0.8511534333229065
1687855923.1278934,0,668,-54.93165588378906,-14.525014877319336,606.4124145507812,-0.8200369477272034,-0.22888588905334473,0.5245479941368103,-0.2854467034339905,0.9579786658287048,-0.028232039883732796,-0.4960438907146454,-0.1728818267583847,-0.8509126305580139
1687855923.1362402,0,668,-54.80908966064453,-14.502869606018066,606.39794921875,-0.819976806640625,-0.2283135950565338,0.5248913168907166,-0.2851003110408783,0.9580695629119873,-0.028644656762480736,-0.4963424503803253,-0.17313462495803833,-0.8506871461868286
1687855923.1445334,0,668,-54.69796371459961,-14.499932289123535,606.3789672851562,-0.8199991583824158,-0.22816428542137146,0.5249213576316833,-0.28502529859542847,0.958087146282196,-0.028802867978811264,-0.4963485896587372,-0.17323419451713562,-0.8506632447242737
1687855923.1529465,0,668,-54.60896301269531,-14.516671180725098,606.3677368164062,-0.8198069930076599,-0.22794561088085175,0.5253163576126099,-0.28514671325683594,0.9580363035202026,-0.029287317767739296,-0.49659621715545654,-0.1738021820783615,-0.85040283203125
1687855923.161469,0,668,-54.53038787841797,-14.549985885620117,606.3511962890625,-0.819770872592926,-0.22777485847473145,0.5254467725753784,-0.28530359268188477,0.9579724073410034,-0.029844220727682114,-0.4965657591819763,-0.17437727749347687,-0.8503028750419617
1687855923.1696877,0,668,-54.459686279296875,-14.59295654296875,606.3199462890625,-0.8199856877326965,-0.22770290076732635,0.5251427292823792,-0.28532055020332336,0.9579580426216125,-0.03014213964343071,-0.4962012767791748,-0.1745501309633255,-0.8504801988601685
1687855923.1780765,0,668,-54.401466369628906,-14.646764755249023,606.2957153320312,-0.8199877738952637,-0.2272878885269165,0.5253191590309143,-0.28514114022254944,0.95799720287323,-0.030593015253543854,-0.4963008463382721,-0.17487600445747375,-0.8503551483154297
1687855923.1863458,0,668,-54.35111618041992,-14.708914756774902,606.2797241210938,-0.8200255036354065,-0.2267119288444519,0.5255091190338135,-0.284681111574173,0.9581248164176941,-0.030879510566592216,-0.4965025782585144,-0.17492450773715973,-0.850227415561676
1687855923.1947305,0,668,-54.313716888427734,-14.780641555786133,606.2568969726562,-0.8200674057006836,-0.22586122155189514,0.5258100032806396,-0.28393813967704773,0.9583353400230408,-0.031185483559966087,-0.496858686208725,-0.17487171292304993,-0.8500301837921143
1687855923.20299,0,668,-54.29022979736328,-14.864004135131836,606.2310791015625,-0.8203527927398682,-0.22514687478542328,0.525671124458313,-0.28329652547836304,0.9585124850273132,-0.031572964042425156,-0.4967538118362427,-0.17482177913188934,-0.8501017689704895
1687855923.2112997,0,668,-54.29035949707031,-14.966532707214355,606.2151489257812,-0.8202826380729675,-0.224408820271492,0.5260961055755615,-0.2827567160129547,0.9586594104766846,-0.03195004165172577,-0.4971770942211151,-0.1749652624130249,-0.8498247265815735
1687855923.2196503,0,668,-54.302581787109375,-15.094401359558105,606.2031860351562,-0.8204498291015625,-0.22361740469932556,0.5261722803115845,-0.28219157457351685,0.9588062763214111,-0.03253354877233505,-0.49722224473953247,-0.1751735359430313,-0.8497554063796997
1687855923.2279143,0,668,-54.32173156738281,-15.247414588928223,606.2052612304688,-0.8206315636634827,-0.2223707139492035,0.5264172554016113,-0.2813536822795868,0.9590195417404175,-0.03349024057388306,-0.49739718437194824,-0.1755925714969635,-0.8495665192604065
1687855923.2363381,0,668,-54.33710479736328,-15.427130699157715,606.2117309570312,-0.8209618926048279,-0.22078320384025574,0.5265703201293945,-0.2800443768501282,0.9593719840049744,-0.03435921296477318,-0.49759089946746826,-0.17567065358161926,-0.8494369387626648
1687855923.2447393,0,668,-54.354042053222656,-15.629500389099121,606.2442016601562,-0.8211687207221985,-0.21891164779663086,0.5270290374755859,-0.27866557240486145,0.9597300291061401,-0.03554900735616684,-0.49802353978157043,-0.17605657875537872,-0.8491034507751465
1687855923.2529423,0,668,-54.36783218383789,-15.849103927612305,606.2730712890625,-0.8215960264205933,-0.217439666390419,0.5269724130630493,-0.27759093046188354,0.959999144077301,-0.03667309507727623,-0.49791890382766724,-0.17641323804855347,-0.8490907549858093
1687855923.261347,0,668,-54.40041732788086,-16.07674217224121,606.334716796875,-0.8213345408439636,-0.21627308428287506,0.5278593897819519,-0.2770422697067261,0.9601181149482727,-0.03769315034151077,-0.4986553192138672,-0.17719805240631104,-0.8484949469566345
1687855923.2697022,0,668,-54.431671142578125,-16.309526443481445,606.3927001953125,-0.8215760588645935,-0.2156008780002594,0.5277584791183472,-0.2770455777645111,0.96006178855896,-0.039078183472156525,-0.4982554614543915,-0.17831885814666748,-0.8484950661659241
1687855923.2778716,0,668,-54.46310806274414,-16.550996780395508,606.4502563476562,-0.8220296502113342,-0.21523602306842804,0.5272008180618286,-0.27707424759864807,0.960011899471283,-0.040087390691041946,-0.497490793466568,-0.179026797413826,-0.8487946391105652
1687855923.2862256,0,668,-54.4958381652832,-16.794910430908203,606.5361328125,-0.8220347762107849,-0.21471582353115082,0.5274049043655396,-0.27737799286842346,0.9598617553710938,-0.04155601188540459,-0.4973130524158478,-0.18045099079608917,-0.8485971689224243
1687855923.2947235,0,668,-54.5090217590332,-17.031267166137695,606.6184692382812,-0.8222379088401794,-0.21444305777549744,0.5271992087364197,-0.27777978777885437,0.9596875905990601,-0.04287324100732803,-0.49675267934799194,-0.1816972941160202,-0.8486594557762146
1687855923.303031,0,668,-54.495635986328125,-17.251399993896484,606.7069702148438,-0.8222768306732178,-0.21418674290180206,0.5272426605224609,-0.278180867433548,0.9595180749893188,-0.04405110329389572,-0.49646368622779846,-0.18289101123809814,-0.8485721349716187
1687855923.3112605,0,668,-54.44886779785156,-17.438989639282227,606.801025390625,-0.822274923324585,-0.21398372948169708,0.5273281335830688,-0.27872219681739807,0.959300696849823,-0.04534466564655304,-0.4961632192134857,-0.18426382541656494,-0.8484508991241455
1687855923.3195028,0,668,-54.3748664855957,-17.59334373474121,606.89697265625,-0.8223424553871155,-0.21385978162288666,0.5272729992866516,-0.27910351753234863,0.959145724773407,-0.04626820608973503,-0.4958367347717285,-0.18521206080913544,-0.8484352827072144
1687855923.3281863,0,668,-54.27690124511719,-17.706039428710938,606.9859008789062,-0.822197437286377,-0.2138800024986267,0.5274909138679504,-0.2796226441860199,0.958957850933075,-0.047020938247442245,-0.495784729719162,-0.1861589103937149,-0.8482584357261658
1687855923.3364131,0,668,-54.15766906738281,-17.77583885192871,607.06884765625,-0.8220954537391663,-0.21412448585033417,0.5275506973266602,-0.2803420424461365,0.9587123990058899,-0.04773784056305885,-0.4955475628376007,-0.18713970482349396,-0.8481811881065369
1687855923.344595,0,668,-54.01371383666992,-17.803693771362305,607.1349487304688,-0.8216842412948608,-0.21461063623428345,0.5279936194419861,-0.2811260521411896,0.9584739804267883,-0.047913726419210434,-0.4957853853702545,-0.1878027319908142,-0.847895622253418
1687855923.3530104,0,668,-53.849334716796875,-17.787466049194336,607.1996459960938,-0.8212865591049194,-0.21516822278499603,0.5283852815628052,-0.2820245325565338,0.9581974744796753,-0.048164356499910355,-0.49593397974967957,-0.18857435882091522,-0.847637414932251
1687855923.3613951,0,668,-53.65264892578125,-17.73908805847168,607.2550659179688,-0.8208298683166504,-0.2156723439693451,0.5288891792297363,-0.2827194035053253,0.9579947590827942,-0.04812267795205116,-0.4962943196296692,-0.18902775645256042,-0.8473254442214966
1687855923.3696625,0,668,-53.420318603515625,-17.670927047729492,607.3124389648438,-0.8205499649047852,-0.21599221229553223,0.5291928648948669,-0.28318172693252563,0.9578573703765869,-0.04813938960433006,-0.4964935779571533,-0.18935851752758026,-0.8471348881721497
1687855923.3779588,0,668,-53.156822204589844,-17.58534049987793,607.3763427734375,-0.8200023174285889,-0.21593497693538666,0.5300644040107727,-0.28349769115448,0.9577505588531494,-0.048403412103652954,-0.49721747636795044,-0.1899629384279251,-0.8465747833251953
1687855923.3863544,0,668,-52.86742401123047,-17.48080825805664,607.43798828125,-0.8194523453712463,-0.21593233942985535,0.5309153199195862,-0.2837980091571808,0.9576547741889954,-0.04853940010070801,-0.4979523718357086,-0.19044844806194305,-0.8460335731506348
1687855923.394498,0,668,-52.56744384765625,-17.356595993041992,607.49951171875,-0.8189182281494141,-0.21602050960063934,0.5317029356956482,-0.2841564118862152,0.9575443267822266,-0.04862045496702194,-0.49862614274024963,-0.190902978181839,-0.8455341458320618
1687855923.4028988,0,668,-52.260108947753906,-17.210166931152344,607.544677734375,-0.8183415532112122,-0.21623645722866058,0.5325024724006653,-0.28461986780166626,0.957406759262085,-0.048619505017995834,-0.49930816888809204,-0.1913481503725052,-0.8450309038162231
1687855923.411228,0,668,-51.953880310058594,-17.045434951782227,607.5814819335938,-0.8178021311759949,-0.2163129299879074,0.5332995653152466,-0.2849594056606293,0.957302451133728,-0.04868466779589653,-0.4999978244304657,-0.191783145070076,-0.8445243835449219
1687855923.4196575,0,668,-51.64093017578125,-16.86395835876465,607.607421875,-0.8176403641700745,-0.2165365070104599,0.5334568619728088,-0.2851669490337372,0.957248866558075,-0.04852251708507538,-0.5001440644264221,-0.19179822504520416,-0.8444343209266663
1687855923.428127,0,668,-51.320274353027344,-16.669443130493164,607.6241455078125,-0.8172757029533386,-0.21670235693454742,0.5339480638504028,-0.2854427695274353,0.957170844078064,-0.04843965172767639,-0.5005825161933899,-0.192000150680542,-0.8441286087036133
1687855923.436388,0,668,-50.991764068603516,-16.47583770751953,607.646240234375,-0.8166020512580872,-0.2168189138174057,0.5349304676055908,-0.28565913438796997,0.9571217894554138,-0.04813285917043686,-0.501557469367981,-0.19211316108703613,-0.8435239195823669
1687855923.4447513,0,668,-50.649600982666016,-16.28141212463379,607.6680908203125,-0.8158243298530579,-0.21674445271492004,0.5361459851264954,-0.285775750875473,0.9570971727371216,-0.047929681837558746,-0.5027552843093872,-0.19231972098350525,-0.8427634239196777
1687855923.4528832,0,668,-50.29916763305664,-16.096424102783203,607.683837890625,-0.8152248859405518,-0.21665051579475403,0.5370949506759644,-0.28567367792129517,0.9571481347084045,-0.047517940402030945,-0.5037846565246582,-0.19217169284820557,-0.8421823382377625
1687855923.4614298,0,668,-49.96455001831055,-15.92133903503418,607.7089233398438,-0.8143247961997986,-0.2161833792924881,0.5386463403701782,-0.2855660915374756,0.9571782350540161,-0.04755912348628044,-0.5052990317344666,-0.19254770874977112,-0.8411886096000671
1687855923.4697113,0,668,-49.6390380859375,-15.760130882263184,607.7109985351562,-0.8138664960861206,-0.21569861471652985,0.5395326018333435,-0.2852330207824707,0.9572776556015015,-0.04755621775984764,-0.5062246918678284,-0.1925969272851944,-0.8406205773353577
1687855923.4779067,0,668,-49.33991622924805,-15.619447708129883,607.7196655273438,-0.8133505582809448,-0.21495206654071808,0.5406075119972229,-0.284647136926651,0.9574518203735352,-0.0475606806576252,-0.5073823928833008,-0.1925658881664276,-0.839929461479187
1687855923.4862814,0,668,-49.0600700378418,-15.501906394958496,607.7230834960938,-0.8129614591598511,-0.2138979434967041,0.5416099429130554,-0.2838948965072632,0.9576571583747864,-0.047921378165483475,-0.5084263682365417,-0.1927185356616974,-0.8392629027366638
1687855923.49458,0,668,-48.78982925415039,-15.407939910888672,607.727294921875,-0.8127198815345764,-0.21284162998199463,0.5423881411552429,-0.28305965662002563,0.9578878879547119,-0.04824919253587723,-0.5092775821685791,-0.1927412748336792,-0.8387414216995239
1687855923.5030353,0,668,-48.528953552246094,-15.34176254272461,607.7359619140625,-0.8122490644454956,-0.2119261622428894,0.5434507727622986,-0.28235357999801636,0.9580892324447632,-0.04838940128684044,-0.5104193687438965,-0.1927495151758194,-0.8380451798439026
1687855923.5117955,0,668,-48.267879486083984,-15.294726371765137,607.7452392578125,-0.8116907477378845,-0.21142300963401794,0.5444799661636353,-0.28247982263565063,0.9580152630805969,-0.04911067709326744,-0.5112369656562805,-0.19366727769374847,-0.8373348712921143
1687855923.519739,0,668,-47.99641799926758,-15.270414352416992,607.7471923828125,-0.8111498355865479,-0.21181702613830566,0.545132577419281,-0.2832551598548889,0.9577752351760864,-0.04932607710361481,-0.5116664171218872,-0.19442245364189148,-0.8368974924087524
1687855923.5278354,0,668,-47.714725494384766,-15.250909805297852,607.7589721679688,-0.8104044198989868,-0.2128368765115738,0.5458434820175171,-0.2849220931529999,0.9572581648826599,-0.0497620664536953,-0.5119218826293945,-0.19585026800632477,-0.8364081978797913
1687855923.5362854,0,668,-47.41218185424805,-15.220438957214355,607.76171875,-0.8094543814659119,-0.2146448940038681,0.5465447306632996,-0.2874811589717865,0.9564732909202576,-0.050134576857089996,-0.5119943022727966,-0.19770295917987823,-0.8359278440475464
1687855923.5446053,0,668,-47.07912826538086,-15.162555694580078,607.73046875,-0.8085683584213257,-0.21728430688381195,0.5468132495880127,-0.2907704710960388,0.9554702639579773,-0.050289757549762726,-0.5115366578102112,-0.19965985417366028,-0.8357428908348083
1687855923.5531695,0,668,-46.7309684753418,-15.063592910766602,607.6658935546875,-0.8074030876159668,-0.22079038619995117,0.5471305847167969,-0.29468148946762085,0.9542989730834961,-0.04976273328065872,-0.5111389756202698,-0.20140783488750458,-0.8355667591094971
1687855923.561145,0,668,-46.37610626220703,-14.900107383728027,607.5584716796875,-0.8061618208885193,-0.22507444024085999,0.5472153425216675,-0.2993045449256897,0.9528985023498535,-0.049002278596162796,-0.5104115605354309,-0.20328781008720398,-0.8355562090873718
1687855923.5698442,0,668,-46.017086029052734,-14.660176277160645,607.3809814453125,-0.804642915725708,-0.2302912026643753,0.5472803115844727,-0.30464786291122437,0.9512737989425659,-0.04762231931090355,-0.5096464157104492,-0.20504674315452576,-0.8355934023857117
1687855923.5779724,0,668,-45.665191650390625,-14.306068420410156,607.1262817382812,-0.8023629188537598,-0.23725098371505737,0.5476547479629517,-0.3117012083530426,0.949089527130127,-0.04551238566637039,-0.5089755058288574,-0.2072220891714096,-0.835465669631958
1687855923.586367,0,668,-45.30997848510742,-13.789483070373535,606.7564086914062,-0.7996252775192261,-0.24817721545696259,0.5468157529830933,-0.322526216506958,0.9456074237823486,-0.04246753454208374,-0.5065335631370544,-0.21032053232192993,-0.836175262928009
1687855923.594722,0,668,-44.952552795410156,-13.08534049987793,606.2586059570312,-0.7956079244613647,-0.26440662145614624,0.5450661778450012,-0.33848774433135986,0.9402035474777222,-0.037990763783454895,-0.5024281740188599,-0.21472398936748505,-0.8375318050384521
1687855923.6029193,0,668,-44.59113693237305,-12.181382179260254,605.62744140625,-0.7900068759918213,-0.28667429089546204,0.5419474244117737,-0.3598718047142029,0.9324752688407898,-0.03133973851799965,-0.49636825919151306,-0.21979019045829773,-0.839827835559845
1687855923.6111305,0,668,-44.2534065246582,-11.05297565460205,604.8057250976562,-0.7824974060058594,-0.31418102979660034,0.5375761389732361,-0.3856191337108612,0.9223902821540833,-0.022226490080356598,-0.48887187242507935,-0.22469180822372437,-0.8429222106933594
1687855923.6196725,0,668,-43.98967361450195,-9.69287109375,603.792724609375,-0.7736199498176575,-0.34588170051574707,0.5309218764305115,-0.4149740934371948,0.90975421667099,-0.011988388374447823,-0.47886186838150024,-0.22959329187870026,-0.847335934638977
1687855923.6280098,0,668,-43.867897033691406,-8.129444122314453,602.5867919921875,-0.7632704973220825,-0.38089731335639954,0.5218576192855835,-0.4473128616809845,0.8943763971328735,-0.0014470717869699001,-0.46618592739105225,-0.23453812301158905,-0.8530313968658447
1687855923.636447,0,668,-43.96348571777344,-6.412736892700195,601.1478881835938,-0.7513644099235535,-0.4184296727180481,0.5102627873420715,-0.48189777135849,0.8761822581291199,0.008897015824913979,-0.45080599188804626,-0.2392095923423767,-0.8599725365638733
