timestamp,found_marker_index,found_marker_id,CoordX,CoordY,CoordZ,R00,R01,R02,R10,R11,R12,R20,R21,R22
1687919069.326969,0,670,-39.3487434387207,-31.121200561523438,694.35595703125,0.9505124688148499,-0.18347537517547607,0.2507246136665344,-0.17845721542835236,-0.9830159544944763,-0.04280953109264374,0.25432077050209045,-0.004052622243762016,-0.9671114087104797
1687919069.3306985,0,670,-39.72567367553711,-30.926626205444336,694.3969116210938,0.9494810104370117,-0.1859970986843109,0.252766489982605,-0.18104404211044312,-0.982537567615509,-0.042930006980895996,0.25633740425109863,-0.005000635515898466,-0.9665744304656982
1687919069.3391695,0,670,-40.143043518066406,-30.674707412719727,694.51318359375,0.9486162066459656,-0.18737968802452087,0.25498268008232117,-0.18279989063739777,-0.9822626709938049,-0.04176415130496025,0.2582857310771942,-0.006992655340582132,-0.96604323387146
1687919069.347387,0,670,-40.6092414855957,-30.389541625976562,694.697998046875,0.9480718970298767,-0.187967449426651,0.256569504737854,-0.18389083445072174,-0.9821317791938782,-0.040016718208789825,0.25950688123703003,-0.00924205407500267,-0.9656970500946045
1687919069.355897,0,670,-41.12554168701172,-30.100698471069336,694.96484375,0.9479596614837646,-0.1880786120891571,0.2569025754928589,-0.1844365894794464,-0.9820929169654846,-0.03842790424823761,0.25952965021133423,-0.010954131372272968,-0.96567302942276
1687919069.3641186,0,670,-41.68741989135742,-29.853059768676758,695.31591796875,0.9481866359710693,-0.18796557188034058,0.256146639585495,-0.18450187146663666,-0.9821082949638367,-0.03771413490176201,0.2586526870727539,-0.011499496176838875,-0.9659019112586975
1687919069.3724773,0,670,-42.25736999511719,-29.67432975769043,695.7490844726562,0.9485374689102173,-0.18742305040359497,0.2552436590194702,-0.1839185506105423,-0.9822161793708801,-0.037753403186798096,0.2577803134918213,-0.011133524589240551,-0.9661394357681274
1687919069.380783,0,670,-42.76408004760742,-29.577186584472656,696.1785888671875,0.9487248063087463,-0.18693192303180695,0.25490719079971313,-0.18304765224456787,-0.9823262691497803,-0.03909772261977196,0.25771063566207886,-0.009567183442413807,-0.9661747813224792
1687919069.3892038,0,670,-43.1755256652832,-29.553050994873047,696.5831909179688,0.9486937522888184,-0.1866820603609085,0.25520583987236023,-0.18218223750591278,-0.982393741607666,-0.04137888178229332,0.25843730568885803,-0.007238089106976986,-0.9660009145736694
1687919069.397508,0,670,-43.47818374633789,-29.572120666503906,696.9373779296875,0.9483737945556641,-0.18636053800582886,0.25662603974342346,-0.1811387687921524,-0.9824701547622681,-0.044057924300432205,0.26033809781074524,-0.004701548255980015,-0.9655060768127441
1687919069.4058483,0,670,-43.68659210205078,-29.599319458007812,697.2427368164062,0.9479251503944397,-0.18570032715797424,0.25875332951545715,-0.17972935736179352,-0.9826040267944336,-0.046762317419052124,0.2629358172416687,-0.002178390044718981,-0.964810848236084
1687919069.4140012,0,670,-43.81658935546875,-29.59647560119629,697.455810546875,0.9477063417434692,-0.1842924803495407,0.2605551779270172,-0.17785561084747314,-0.9828712940216064,-0.048284921795129776,0.26499074697494507,-0.0005812769522890449,-0.9642508029937744
1687919069.4224937,0,670,-43.892921447753906,-29.552165985107422,697.5821533203125,0.9476487636566162,-0.18265029788017273,0.2619173228740692,-0.17586465179920197,-0.9831777215003967,-0.04932771250605583,0.26652097702026367,0.0006833486841060221,-0.9638288617134094
1687919069.4308293,0,670,-43.916751861572266,-29.448673248291016,697.5836791992188,0.9475820660591125,-0.18090029060840607,0.2633691430091858,-0.1740863174200058,-0.983501136302948,-0.04918786510825157,0.26792195439338684,0.0007605758146382868,-0.9634402990341187
1687919069.4390483,0,670,-43.89765930175781,-29.286577224731445,697.4962158203125,0.9476340413093567,-0.17958137392997742,0.26408374309539795,-0.17282159626483917,-0.9837429523468018,-0.04881133884191513,0.2685561180114746,0.0006159120821394026,-0.9632638692855835
1687919069.447546,0,670,-43.841304779052734,-29.07901382446289,697.3470458984375,0.947468101978302,-0.17882834374904633,0.26518794894218445,-0.17195074260234833,-0.9838798642158508,-0.04912647604942322,0.26969826221466064,0.000946506392210722,-0.9629443883895874
1687919069.4559276,0,670,-43.76078414916992,-28.8630428314209,697.1549072265625,0.946867048740387,-0.17913509905338287,0.2671205401420593,-0.17198891937732697,-0.983823299407959,-0.05011462792754173,0.2717767059803009,0.0015101173194125295,-0.9623591303825378
1687919069.4641972,0,670,-43.67100524902344,-28.65561294555664,696.9326782226562,0.9458746910095215,-0.1804906725883484,0.26971134543418884,-0.17296923696994781,-0.9835743308067322,-0.05160616710782051,0.27459558844566345,0.0021612022537738085,-0.9615573883056641
1687919069.4725065,0,670,-43.59296798706055,-28.450698852539062,696.69970703125,0.9444779753684998,-0.1825575828552246,0.27319246530532837,-0.17445388436317444,-0.9831898212432861,-0.053884778171777725,0.27843713760375977,0.003233495634049177,-0.9604489803314209
1687919069.4807026,0,670,-43.5418586730957,-28.233600616455078,696.4692993164062,0.9431114792823792,-0.18461468815803528,0.27651065587997437,-0.17592430114746094,-0.9828015565872192,-0.05614023655653,0.28211942315101624,0.004301553592085838,-0.9593696594238281
1687919069.4892368,0,670,-43.531776428222656,-27.99222755432129,696.248779296875,0.9418787360191345,-0.18669529259204865,0.27930140495300293,-0.1774810552597046,-0.9824040532112122,-0.058161430060863495,0.28524529933929443,0.005210305564105511,-0.958440363407135
1687919069.497609,0,670,-43.572044372558594,-27.701583862304688,696.0310668945312,0.9408588409423828,-0.18869158625602722,0.2813897430896759,-0.17900152504444122,-0.9820175766944885,-0.059999655932188034,0.28765109181404114,0.0060820127837359905,-0.9577159881591797
1687919069.505819,0,670,-43.67959213256836,-27.350078582763672,695.80810546875,0.9405524730682373,-0.1901463121175766,0.2814345061779022,-0.1803860068321228,-0.9817368984222412,-0.060444433242082596,0.28778791427612305,0.006084316410124302,-0.9576748609542847
1687919069.5142088,0,670,-43.85769271850586,-26.955041885375977,695.58740234375,0.9406073093414307,-0.19118079543113708,0.2805490493774414,-0.1813977062702179,-0.9815353155136108,-0.06069057807326317,0.28697168827056885,0.006195046938955784,-0.9579190611839294
1687919069.522608,0,670,-44.07204818725586,-26.563396453857422,695.3255615234375,0.9409889578819275,-0.1925039440393448,0.2783558666706085,-0.18269860744476318,-0.9812743067741394,-0.061007507145404816,0.2848876416683197,0.006552164442837238,-0.9585385322570801
1687919069.530761,0,670,-44.324432373046875,-26.219812393188477,695.0611572265625,0.9414520859718323,-0.19479899108409882,0.27517515420913696,-0.18458598852157593,-0.9808077812194824,-0.06280188262462616,0.2821276783943176,0.008331486955285072,-0.9593406915664673
1687919069.5390296,0,670,-44.603214263916016,-25.943828582763672,694.7705078125,0.9419246315956116,-0.19733215868473053,0.271731436252594,-0.18664351105690002,-0.9802812933921814,-0.06490568816661835,0.27918124198913574,0.010419359430670738,-0.9601818919181824
1687919069.5473132,0,670,-44.91709518432617,-25.71202850341797,694.5045776367188,0.9420326352119446,-0.19927197694778442,0.2699355483055115,-0.18825596570968628,-0.9798741936683655,-0.0663796067237854,0.27773046493530273,0.01171477697789669,-0.9605876207351685
1687919069.5558815,0,670,-45.27638244628906,-25.46376609802246,694.2616577148438,0.9417358636856079,-0.20053911209106445,0.2700326442718506,-0.1893698275089264,-0.9796117544174194,-0.06708120554685593,0.2779795527458191,0.012036744505167007,-0.9605115652084351
1687919069.5643096,0,670,-45.68936538696289,-25.187885284423828,694.0264892578125,0.9415259957313538,-0.20130668580532074,0.27019327878952026,-0.19028674066066742,-0.9794624447822571,-0.06666497141122818,0.2780642807483673,0.011352604255080223,-0.9604953527450562
1687919069.5724063,0,670,-46.152713775634766,-24.89385414123535,693.7989501953125,0.9416648149490356,-0.20179913938045502,0.2693408131599426,-0.19107316434383392,-0.979371190071106,-0.06575081497430801,0.2770530879497528,0.010451423935592175,-0.9607977867126465
1687919069.5806942,0,670,-46.67113494873047,-24.61830711364746,693.5919799804688,0.9421482086181641,-0.20296907424926758,0.26675888895988464,-0.19230231642723083,-0.9791266322135925,-0.06580903381109238,0.2745479345321655,0.01070350967347622,-0.9615138173103333
1687919069.5891266,0,670,-47.23361587524414,-24.378644943237305,693.4173583984375,0.9428686499595642,-0.20464666187763214,0.2629038691520691,-0.19382625818252563,-0.9787626266479492,-0.06674610823392868,0.2709798514842987,0.011975139379501343,-0.9625105261802673
1687919069.5975168,0,670,-47.812320709228516,-24.160480499267578,693.22265625,0.9440066814422607,-0.20606447756290436,0.2576602101325989,-0.19533656537532806,-0.9784549474716187,-0.06685461848974228,0.26588526368141174,0.012780752964317799,-0.9639199376106262
1687919069.6057298,0,670,-48.273895263671875,-23.925010681152344,692.9625244140625,0.9457077383995056,-0.20370736718177795,0.25325924158096313,-0.19395430386066437,-0.9789741635322571,-0.06317701935768127,0.26080387830734253,0.010626277886331081,-0.9653333425521851
1687919069.6140337,0,670,-48.73421859741211,-23.68546485900879,692.72509765625,0.9470320343971252,-0.2009897381067276,0.25046655535697937,-0.19186872243881226,-0.9795490503311157,-0.06058090552687645,0.2575204372406006,0.009315360337495804,-0.9662279486656189
1687919069.6224256,0,670,-49.23093032836914,-23.512676239013672,692.57470703125,0.946767270565033,-0.20071569085121155,0.2516842484474182,-0.19178986549377441,-0.9796141982078552,-0.059771642088890076,0.25855058431625366,0.008319344371557236,-0.9659618735313416
1687919069.6308424,0,670,-49.72820281982422,-23.421607971191406,692.5138549804688,0.9451228976249695,-0.20207253098487854,0.25672832131385803,-0.19300775229930878,-0.9793422818183899,-0.06030549108982086,0.26361098885536194,0.007445541676133871,-0.9646003246307373
1687919069.639171,0,670,-50.222572326660156,-23.35238265991211,692.4544677734375,0.9436290264129639,-0.20277544856071472,0.2616225779056549,-0.19372233748435974,-0.9792059659957886,-0.0602276474237442,0.2683950662612915,0.006150423549115658,-0.9632893204689026
1687919069.6473787,0,670,-50.67334747314453,-23.260215759277344,692.3633422851562,0.9429929852485657,-0.2026086449623108,0.2640339136123657,-0.19383996725082397,-0.9792490601539612,-0.05913858860731125,0.27053695917129517,0.004586949944496155,-0.9626986384391785
1687919069.655756,0,670,-51.098899841308594,-23.146867752075195,692.2031860351562,0.9431357979774475,-0.20201441645622253,0.26397913694381714,-0.1937876045703888,-0.9793787598609924,-0.057127952575683594,0.2700762450695038,0.002723529702052474,-0.9628350734710693
1687919069.6642547,0,670,-51.52058410644531,-23.039613723754883,692.0533447265625,0.9433421492576599,-0.20200848579406738,0.26324543356895447,-0.19408953189849854,-0.9793821573257446,-0.05603392422199249,0.2691372334957123,0.001765978871844709,-0.9631001949310303
1687919069.672346,0,670,-51.90693664550781,-22.96868896484375,691.89892578125,0.9429394006729126,-0.20285190641880035,0.26403868198394775,-0.19521558284759521,-0.979209303855896,-0.055135879665613174,0.2697335481643677,0.0004453264409676194,-0.9629349112510681
1687919069.6807055,0,670,-52.261085510253906,-22.940908432006836,691.7470703125,0.9419353604316711,-0.20496761798858643,0.2659812271595001,-0.19730141758918762,-0.9787687659263611,-0.05553293228149414,0.27171656489372253,-0.0001700398715911433,-0.9623773097991943
1687919069.689134,0,670,-52.58498001098633,-22.949342727661133,691.59423828125,0.9406805634498596,-0.20799419283866882,0.2680644094944,-0.20010007917881012,-0.978130042552948,-0.05675918236374855,0.2740074396133423,-0.00024745045811869204,-0.9617275595664978
1687919069.6973894,0,670,-52.859092712402344,-22.95122528076172,691.4103393554688,0.9394216537475586,-0.2106207311153412,0.2704180181026459,-0.20262667536735535,-0.9775675535202026,-0.05748176574707031,0.276458740234375,-0.0007942913798615336,-0.9610254764556885
1687919069.7059278,0,670,-53.108009338378906,-22.894786834716797,691.210693359375,0.938710629940033,-0.21221783757209778,0.27163559198379517,-0.20422765612602234,-0.9772214889526367,-0.05769920349121094,0.2776929438114166,-0.001312644686549902,-0.9606689810752869
1687919069.7142808,0,670,-53.36862564086914,-22.799198150634766,691.0225219726562,0.938345730304718,-0.2132067084312439,0.27212172746658325,-0.20548008382320404,-0.9770039319992065,-0.05693205073475838,0.2780022919178009,-0.002493644133210182,-0.9605771899223328
1687919069.7224977,0,670,-53.64662551879883,-22.701955795288086,690.8878173828125,0.9380312561988831,-0.21433930099010468,0.27231600880622864,-0.20672322809696198,-0.976754367351532,-0.0567135214805603,0.2781417965888977,-0.0030949856154620647,-0.9605350494384766
1687919069.7309136,0,670,-53.91435241699219,-22.608335494995117,690.78076171875,0.9376918077468872,-0.21501530706882477,0.27295151352882385,-0.2076185643672943,-0.9766020774841309,-0.05606188625097275,0.2786191701889038,-0.00410103052854538,-0.9603928923606873
1687919069.7392657,0,670,-54.15557861328125,-22.533557891845703,690.691162109375,0.9373338222503662,-0.21535006165504456,0.27391549944877625,-0.20813296735286713,-0.9765242338180542,-0.055507924407720566,0.27943873405456543,-0.00498138926923275,-0.9601505994796753
1687919069.7474053,0,670,-54.37162780761719,-22.505447387695312,690.6275024414062,0.93671053647995,-0.21611154079437256,0.2754436731338501,-0.20877832174301147,-0.9763558506965637,-0.05604381486773491,0.28104275465011597,-0.005009834188967943,-0.9596821665763855
1687919069.7558494,0,670,-54.557186126708984,-22.54814910888672,690.5653076171875,0.9358001947402954,-0.21767038106918335,0.27730411291122437,-0.20998194813728333,-0.9760123491287231,-0.05751027539372444,0.28317052125930786,-0.004410729743540287,-0.9590594172477722
1687919069.7642527,0,670,-54.706214904785156,-22.6566104888916,690.5074462890625,0.9345966577529907,-0.21988824009895325,0.2796038091182709,-0.21157851815223694,-0.9755200743675232,-0.05995919182896614,0.2859434485435486,-0.0031204987317323685,-0.9582414031028748
1687919069.7724113,0,670,-54.818668365478516,-22.8118896484375,690.455810546875,0.9331654906272888,-0.22237694263458252,0.2824016809463501,-0.2133612483739853,-0.9749591946601868,-0.06270179152488708,0.28927353024482727,-0.0017424247926101089,-0.957244873046875
1687919069.780716,0,670,-54.89940643310547,-22.985898971557617,690.4175415039062,0.9312465190887451,-0.22509686648845673,0.28655073046684265,-0.215300515294075,-0.9743362665176392,-0.06568535417318344,0.2939823269844055,-0.000525259820278734,-0.9558107256889343
1687919069.7891543,0,670,-54.945953369140625,-23.148706436157227,690.3767700195312,0.9292523860931396,-0.22779107093811035,0.2908628284931183,-0.21724222600460052,-0.9737099409103394,-0.06851878762245178,0.2988239824771881,0.0004835576401092112,-0.9543080925941467
1687919069.797606,0,670,-54.97772979736328,-23.28049087524414,690.359375,0.9273822903633118,-0.22975921630859375,0.2952502965927124,-0.21862784028053284,-0.9732469916343689,-0.07065486162900925,0.30358508229255676,0.0009741320391185582,-0.9528038501739502
1687919069.8057592,0,670,-55.01063537597656,-23.378995895385742,690.3488159179688,0.9260257482528687,-0.23065242171287537,0.29879042506217957,-0.2192882001399994,-0.9730359315872192,-0.07151021808385849,0.30722784996032715,0.0006990879192017019,-0.9516357183456421
1687919069.814076,0,670,-55.00478744506836,-23.456560134887695,690.3182983398438,0.9263253211975098,-0.2290276288986206,0.29911163449287415,-0.21792930364608765,-0.9734199047088623,-0.07043064385652542,0.30729177594184875,5.650285311276093e-05,-0.9516153335571289
1687919069.8225076,0,670,-55.07195281982422,-23.546274185180664,690.3082885742188,0.927392840385437,-0.22779980301856995,0.29673174023628235,-0.21677297353744507,-0.9737077951431274,-0.07001856714487076,0.3048802316188812,0.0006112917908467352,-0.9523904919624329
1687919069.8309703,0,670,-55.18348693847656,-23.658754348754883,690.3641967773438,0.9276259541511536,-0.22793139517307281,0.29590097069740295,-0.21665306389331818,-0.9736759066581726,-0.07082876563072205,0.30425572395324707,0.001594748580828309,-0.9525890350341797
1687919069.839038,0,670,-55.251548767089844,-23.758560180664062,690.4657592773438,0.9274172782897949,-0.22699278593063354,0.29727327823638916,-0.2155607044696808,-0.9738945364952087,-0.07115447521209717,0.30566439032554626,0.001909451326355338,-0.9521374106407166
1687919069.847466,0,670,-55.276336669921875,-23.819664001464844,690.5601806640625,0.9270756244659424,-0.22470885515213013,0.3000612258911133,-0.2133212685585022,-0.9744248390197754,-0.07064203172922134,0.3082610070705414,0.0014810595894232392,-0.9513006806373596
1687919069.8560255,0,670,-55.25776290893555,-23.84834098815918,690.6076049804688,0.9268035292625427,-0.22270150482654572,0.3023892939090729,-0.21140696108341217,-0.9748861789703369,-0.0700286328792572,0.3103906214237213,0.0009755840292200446,-0.9506086111068726
1687919069.8641407,0,670,-55.231536865234375,-23.841529846191406,690.6180419921875,0.926720142364502,-0.22120359539985657,0.30374130606651306,-0.20992563664913177,-0.9752272963523865,-0.06973522156476974,0.31164246797561646,0.0008619470172561705,-0.9501990675926208
1687919069.872457,0,670,-55.1993522644043,-23.78886604309082,690.5942993164062,0.9268595576286316,-0.22001810371875763,0.30417656898498535,-0.20887283980846405,-0.9754956364631653,-0.06914045661687851,0.31193506717681885,0.0005492707132361829,-0.9501032829284668
1687919069.8808658,0,670,-55.169898986816406,-23.689563751220703,690.5616455078125,0.926960289478302,-0.219014972448349,0.30459335446357727,-0.2081560343503952,-0.9757214784622192,-0.0681079626083374,0.3121149241924286,-0.00026956890360452235,-0.9500443339347839
1687919069.8890367,0,670,-55.12712860107422,-23.547517776489258,690.4979858398438,0.926852822303772,-0.21826736629009247,0.30545568466186523,-0.20763500034809113,-0.9758884310722351,-0.06730110943317413,0.31278032064437866,-0.0010450715199112892,-0.9498249292373657
1687919069.8974447,0,670,-55.068336486816406,-23.38266944885254,690.4111328125,0.9266940355300903,-0.21772709488868713,0.30632179975509644,-0.20722296833992004,-0.9760084748268127,-0.06682904809713364,0.31352317333221436,-0.0015468335477635264,-0.9495792984962463
1687919069.9059627,0,670,-55.00392532348633,-23.22673225402832,690.3345947265625,0.9261566996574402,-0.21750988066196442,0.3080962002277374,-0.20691999793052673,-0.9760567545890808,-0.06706232577562332,0.3153060972690582,-0.0016410426469519734,-0.9489886164665222
1687919069.9140956,0,670,-54.932743072509766,-23.089527130126953,690.265380859375,0.9253700375556946,-0.21772804856300354,0.3102978765964508,-0.20694725215435028,-0.9760081768035889,-0.06768196076154709,0.31758952140808105,-0.0015844326699152589,-0.9482269883155823
1687919069.9224768,0,670,-54.8885498046875,-22.947738647460938,690.2286987304688,0.9246426820755005,-0.2181926816701889,0.31213438510894775,-0.20706167817115784,-0.975905179977417,-0.06880788505077362,0.31962695717811584,-0.0010083640227094293,-0.9475429058074951
1687919069.9309578,0,670,-54.89273452758789,-22.795114517211914,690.2176513671875,0.9242252111434937,-0.2182164490222931,0.3133517801761627,-0.20690426230430603,-0.9759001135826111,-0.0693512111902237,0.32093361020088196,-0.0007376832072623074,-0.9471014142036438
1687919069.939222,0,670,-54.93938446044922,-22.631595611572266,690.2393188476562,0.9241047501564026,-0.21801117062568665,0.313849538564682,-0.20645685493946075,-0.9759462475776672,-0.07003174722194672,0.32156798243522644,-7.972180173965171e-05,-0.9468864798545837
1687919069.9474301,0,670,-55.01317596435547,-22.455181121826172,690.2908935546875,0.9241641163825989,-0.21727904677391052,0.31418222188949585,-0.2058415412902832,-0.9761094450950623,-0.06956712901592255,0.32179170846939087,-0.00038030935684219003,-0.9468104243278503
1687919069.9560168,0,670,-55.0926628112793,-22.269752502441406,690.363037109375,0.9243149161338806,-0.21633245050907135,0.3143918812274933,-0.20514880120754242,-0.9763191938400269,-0.0686640813946724,0.3218011260032654,-0.0010298845591023564,-0.9468067288398743
1687919069.9642422,0,670,-55.16290283203125,-22.078144073486328,690.4371337890625,0.9242258071899414,-0.21555431187152863,0.31518715620040894,-0.20438963174819946,-0.9764912128448486,-0.06848219782114029,0.3225391209125519,-0.0011279672617092729,-0.9465554356575012
1687919069.972385,0,670,-55.21027374267578,-21.89745330810547,690.511962890625,0.9241876006126404,-0.21469002962112427,0.3158884346485138,-0.20380434393882751,-0.9766802191734314,-0.06752406060695648,0.32301875948905945,-0.0019745398312807083,-0.9463905096054077
1687919069.9808996,0,670,-55.23736572265625,-21.741281509399414,690.5946655273438,0.9239242672920227,-0.21466049551963806,0.3166777789592743,-0.20368030667304993,-0.976686954498291,-0.06780058145523071,0.3238491714000702,-0.0018584259087219834,-0.9461069107055664
1687919069.9892757,0,670,-55.27312469482422,-21.629648208618164,690.7108764648438,0.9236408472061157,-0.21520976722240448,0.3171314001083374,-0.204010009765625,-0.9765668511390686,-0.0685354545712471,0.3244495093822479,-0.0013958304189145565,-0.9459019899368286
1687919069.9975429,0,670,-55.32379150390625,-21.557777404785156,690.8544921875,0.9232916831970215,-0.21594545245170593,0.31764769554138184,-0.2042774260044098,-0.9764053821563721,-0.0700230821967125,0.32527410984039307,-0.0002365222608204931,-0.9456197619438171
1687919070.00596,0,670,-55.39356994628906,-21.523460388183594,691.0408325195312,0.9231096506118774,-0.21627669036388397,0.31795114278793335,-0.20426099002361298,-0.976331889629364,-0.07108806818723679,0.3258005380630493,0.0006770651671104133,-0.9454382658004761
1687919070.0140505,0,670,-55.47018051147461,-21.514177322387695,691.2462768554688,0.9228599667549133,-0.21629860997200012,0.31866031885147095,-0.20399755239486694,-0.9763262867927551,-0.07191620767116547,0.3266718089580536,0.001362664857879281,-0.9451368451118469
1687919070.022632,0,670,-55.536643981933594,-21.527446746826172,691.436767578125,0.9229720830917358,-0.21596740186214447,0.3185602128505707,-0.20341920852661133,-0.9763981103897095,-0.07257629930973053,0.32671570777893066,0.002184635726734996,-0.9451201558113098
1687919070.0308504,0,670,-55.59532165527344,-21.56192970275879,691.6333618164062,0.923229992389679,-0.21544905006885529,0.31816366314888,-0.20275206863880157,-0.9765110015869141,-0.072923444211483,0.32640159130096436,0.002816772321239114,-0.9452269673347473
1687919070.0390172,0,670,-55.634429931640625,-21.614578247070312,691.8026123046875,0.9235526323318481,-0.21492289006710052,0.3175826668739319,-0.2021881490945816,-0.976625919342041,-0.07295068353414536,0.32583820819854736,0.0031623488757759333,-0.9454202651977539
1687919070.047418,0,670,-55.65504455566406,-21.685321807861328,691.960205078125,0.9235807061195374,-0.21482820808887482,0.3175649344921112,-0.2019462287425995,-0.9766451120376587,-0.07336225360631943,0.3259085416793823,0.003624919569119811,-0.9453943371772766
1687919070.0560858,0,670,-55.65193557739258,-21.770814895629883,692.0844116210938,0.9232357740402222,-0.2153588831424713,0.31820785999298096,-0.20196780562400818,-0.97652268409729,-0.07491624355316162,0.3268710672855377,0.004897609818726778,-0.9450562596321106
1687919070.064296,0,670,-55.63050079345703,-21.863073348999023,692.1815185546875,0.9226915836334229,-0.21583642065525055,0.31946033239364624,-0.20210494101047516,-0.976413905620575,-0.07595674693584442,0.3283197283744812,0.005520138423889875,-0.9445505142211914
1687919070.0724452,0,670,-55.596988677978516,-21.941055297851562,692.2308959960938,0.9223160743713379,-0.21617096662521362,0.3203173875808716,-0.20217475295066833,-0.9763368964195251,-0.07675723731517792,0.32933035492897034,0.0060343435034155846,-0.9441954493522644
1687919070.0809088,0,670,-55.5779914855957,-22.007429122924805,692.270263671875,0.9219154715538025,-0.21635977923870087,0.321341335773468,-0.20222218334674835,-0.976294219493866,-0.07717350125312805,0.33042094111442566,0.006165096070617437,-0.9438135623931885
1687919070.0891418,0,670,-55.58375549316406,-22.07404327392578,692.3001708984375,0.9218261241912842,-0.21636739373207092,0.3215925395488739,-0.20215392112731934,-0.9762915372848511,-0.07738637179136276,0.3307119607925415,0.0063255890272557735,-0.9437105655670166
1687919070.0973744,0,670,-55.616153717041016,-22.15772247314453,692.327392578125,0.9217801094055176,-0.2163362056016922,0.321745365858078,-0.20205356180667877,-0.9762973189353943,-0.07757529616355896,0.33090147376060486,0.006497567519545555,-0.9436429142951965
1687919070.1058705,0,670,-55.6745491027832,-22.267635345458984,692.35986328125,0.921654999256134,-0.2165011167526245,0.32199281454086304,-0.20207653939723969,-0.9762585163116455,-0.07800239324569702,0.3312358260154724,0.006824101787060499,-0.9435233473777771
1687919070.1141694,0,670,-55.75851821899414,-22.39829444885254,692.39599609375,0.9214067459106445,-0.21707892417907715,0.32231399416923523,-0.2023008018732071,-0.9761238694190979,-0.07909861952066422,0.3317890465259552,0.007677625399082899,-0.9433223605155945
1687919070.1224704,0,670,-55.86705017089844,-22.53055191040039,692.4459228515625,0.9213209748268127,-0.2178017944097519,0.32207149267196655,-0.20266874134540558,-0.9759547114372253,-0.08023597300052643,0.33180272579193115,0.008649257011711597,-0.9433091282844543
1687919070.130826,0,670,-55.991546630859375,-22.655641555786133,692.4890747070312,0.9210783839225769,-0.21858029067516327,0.32223784923553467,-0.2030501663684845,-0.9757714867591858,-0.08149037510156631,0.3322426974773407,0.009628571569919586,-0.9431447982788086
1687919070.1392376,0,670,-56.12635803222656,-22.76346206665039,692.5473022460938,0.9210102558135986,-0.2192358523607254,0.32198724150657654,-0.20337870717048645,-0.9756150245666504,-0.0825371965765953,0.33223071694374084,0.010532259941101074,-0.943139374256134
1687919070.147517,0,670,-56.26606750488281,-22.86016273498535,692.5965576171875,0.9210794568061829,-0.21971538662910461,0.32146191596984863,-0.20356051623821259,-0.975496768951416,-0.0834818184375763,0.3319272994995117,0.011456433683633804,-0.9432353973388672
1687919070.1565497,0,670,-56.41365051269531,-22.952896118164062,692.6589965820312,0.9211511611938477,-0.2198050320148468,0.3211950957775116,-0.20369431376457214,-0.9754774570465088,-0.0833810567855835,0.3316461443901062,0.011380943469703197,-0.943335235118866
1687919070.1641905,0,670,-56.57481002807617,-23.05950927734375,692.7305908203125,0.9213670492172241,-0.21999870240688324,0.32044243812561035,-0.2036477029323578,-0.9754232168197632,-0.08412604033946991,0.331074595451355,0.012253593653440475,-0.9435250163078308
1687919070.1725624,0,670,-56.74758529663086,-23.181926727294922,692.8070068359375,0.9217261672019958,-0.22008854150772095,0.31934604048728943,-0.20358911156654358,-0.9753936529159546,-0.0846090242266655,0.330109566450119,0.012970976531505585,-0.943853497505188
1687919070.180894,0,670,-56.93233108520508,-23.32328987121582,692.8851318359375,0.9221220016479492,-0.22032395005226135,0.31803834438323975,-0.20356367528438568,-0.9753254652023315,-0.08545204997062683,0.3290180563926697,0.014056159183382988,-0.9442189931869507
1687919070.1893952,0,670,-57.11479949951172,-23.47103500366211,692.9547729492188,0.9226497411727905,-0.22038622200489044,0.31646063923835754,-0.20337741076946259,-0.9752939343452454,-0.08625157177448273,0.327650785446167,0.015219047665596008,-0.9446763396263123
1687919070.197428,0,670,-57.28044509887695,-23.617597579956055,693.01708984375,0.9228866696357727,-0.22054395079612732,0.3156590163707733,-0.2031671553850174,-0.9752373099327087,-0.08738046139478683,0.32711368799209595,0.01651071384549141,-0.9448407292366028
1687919070.205718,0,670,-57.41731643676758,-23.758899688720703,693.0494384765625,0.9230876564979553,-0.2206093966960907,0.31502479314804077,-0.20304620265960693,-0.9752099514007568,-0.08796459436416626,0.3266211450099945,0.017234446480870247,-0.9449982047080994
1687919070.214088,0,670,-57.51398468017578,-23.896026611328125,693.0471801757812,0.9233094453811646,-0.2205505669116974,0.31441548466682434,-0.20280398428440094,-0.9752100706100464,-0.08852070569992065,0.32614442706108093,0.017967287451028824,-0.9451491832733154
1687919070.2223516,0,670,-57.572662353515625,-24.033824920654297,693.0234985351562,0.9232760071754456,-0.22038020193576813,0.3146331310272217,-0.20238162577152252,-0.9752349853515625,-0.08920986205339432,0.3265013098716736,0.018689360469579697,-0.9450119733810425
1687919070.2308846,0,670,-57.59612274169922,-24.1781005859375,692.9588623046875,0.9232182502746582,-0.22001692652702332,0.31505656242370605,-0.2019273042678833,-0.9753128290176392,-0.08938827365636826,0.32694563269615173,0.018906358629465103,-0.9448540210723877
1687919070.2391162,0,670,-57.60508728027344,-24.335468292236328,692.8717651367188,0.9230462312698364,-0.21965129673480988,0.3158147931098938,-0.20144791901111603,-0.9753915667533875,-0.08961037546396255,0.3277261257171631,0.019094286486506462,-0.9445797801017761
1687919070.2476437,0,670,-57.60883331298828,-24.513025283813477,692.7807006835938,0.9229007363319397,-0.21954670548439026,0.31631240248680115,-0.20114490389823914,-0.9754058718681335,-0.09013360738754272,0.32832151651382446,0.019559744745492935,-0.9443634748458862
1687919070.255774,0,670,-57.60809326171875,-24.7059268951416,692.6781616210938,0.9228062629699707,-0.2194501757621765,0.316654771566391,-0.20092220604419708,-0.975421667098999,-0.09045872837305069,0.32872310280799866,0.019852904602885246,-0.9442176818847656
1687919070.2642899,0,670,-57.61166000366211,-24.907094955444336,692.5770263671875,0.9228345155715942,-0.21913942694664001,0.31678760051727295,-0.2005491554737091,-0.9754873514175415,-0.09057824313640594,0.32887157797813416,0.02005724608898163,-0.9441616535186768
1687919070.2726498,0,670,-57.62221908569336,-25.117446899414062,692.4793090820312,0.9230810403823853,-0.21885398030281067,0.31626632809638977,-0.2001911997795105,-0.9755427241325378,-0.09077383577823639,0.3283975124359131,0.020477870479226112,-0.9443175792694092
1687919070.2809725,0,670,-57.62877655029297,-25.34096336364746,692.3783569335938,0.9233116507530212,-0.2185661494731903,0.31579166650772095,-0.1998535543680191,-0.975600004196167,-0.09090176224708557,0.32795441150665283,0.020818566903471947,-0.9444641470909119
1687919070.2892787,0,670,-57.62222671508789,-25.5714168548584,692.25537109375,0.9234756827354431,-0.21822133660316467,0.31555041670799255,-0.19941411912441254,-0.9756682515144348,-0.09113454073667526,0.3277600109577179,0.021235326305031776,-0.9445223212242126
1687919070.2973654,0,670,-57.60995101928711,-25.79773712158203,692.1249389648438,0.9233497381210327,-0.21795298159122467,0.316103994846344,-0.19895070791244507,-0.9757179617881775,-0.09161399304866791,0.32839590311050415,0.021702641621232033,-0.944290816783905
1687919070.3059144,0,670,-57.589271545410156,-26.012176513671875,691.9742431640625,0.9230685830116272,-0.21788650751113892,0.31696972250938416,-0.19874462485313416,-0.9757289290428162,-0.09194332361221313,0.32930973172187805,0.02187396213412285,-0.9439685344696045
1687919070.314214,0,670,-57.56315994262695,-26.204397201538086,691.7989501953125,0.9226968288421631,-0.2179073840379715,0.31803613901138306,-0.19873948395252228,-0.9757296442985535,-0.09194684028625488,0.33035317063331604,0.0216327216476202,-0.9436094760894775
1687919070.3227305,0,670,-57.53619384765625,-26.382322311401367,691.598388671875,0.9223780632019043,-0.21819844841957092,0.3187602758407593,-0.1990666687488556,-0.9756728410720825,-0.09184196591377258,0.3310455083847046,0.02125847525894642,-0.943375289440155
1687919070.3307962,0,670,-57.53514862060547,-26.546489715576172,691.4072265625,0.9220503568649292,-0.21890145540237427,0.31922611594200134,-0.1996549516916275,-0.9755138754844666,-0.09225273877382278,0.3316037654876709,0.021326592192053795,-0.9431776404380798
1687919070.3390799,0,670,-57.58409881591797,-26.69915771484375,691.23095703125,0.9218359589576721,-0.2197270542383194,0.31927812099456787,-0.20049409568309784,-0.9753328561782837,-0.09234688431024551,0.33169353008270264,0.021115299314260483,-0.9431508779525757
1687919070.3474066,0,670,-57.700191497802734,-26.836023330688477,691.0914916992188,0.9218752384185791,-0.22031095623970032,0.3187618851661682,-0.2010817527770996,-0.9752004742622375,-0.09246733784675598,0.3312282860279083,0.021146152168512344,-0.9433136582374573
1687919070.355929,0,670,-57.86796951293945,-26.959806442260742,690.9822387695312,0.9222792387008667,-0.2202637940645218,0.3176238238811493,-0.20122171938419342,-0.9752155542373657,-0.09200210869312286,0.33001643419265747,0.020938817411661148,-0.9437429308891296
1687919070.3641293,0,670,-58.06940460205078,-27.08171844482422,690.8795166015625,0.9227473139762878,-0.22001877427101135,0.3164319396018982,-0.20106159150600433,-0.9752677083015442,-0.09179911017417908,0.3288033902645111,0.021085072308778763,-0.9441629648208618
1687919070.3726792,0,670,-58.284812927246094,-27.203046798706055,690.7839965820312,0.9232481718063354,-0.2196657806634903,0.3152138590812683,-0.20088081061840057,-0.9753491878509521,-0.09132849425077438,0.32750532031059265,0.020998449996113777,-0.9446159601211548
1687919070.3808358,0,670,-58.49728012084961,-27.31682014465332,690.6744384765625,0.9237499833106995,-0.21928782761096954,0.31400442123413086,-0.20073749125003815,-0.9754400849342346,-0.09067029505968094,0.32617539167404175,0.020724225789308548,-0.9450820684432983
1687919070.38933,0,670,-58.7048454284668,-27.426956176757812,690.5670166015625,0.9238791465759277,-0.21950025856494904,0.3134756088256836,-0.20090892910957336,-0.9753872156143188,-0.0908592939376831,0.3257037401199341,0.02096295729279518,-0.9452394247055054
1687919070.3974512,0,670,-58.907833099365234,-27.536897659301758,690.4636840820312,0.9237934350967407,-0.22053733468055725,0.312999963760376,-0.20173729956150055,-0.9751407504081726,-0.09166567772626877,0.32543471455574036,0.021536385640501976,-0.9453192353248596
1687919070.40574,0,670,-59.10245895385742,-27.6372013092041,690.3589477539062,0.9236397743225098,-0.2216895967721939,0.31263914704322815,-0.20275577902793884,-0.974872887134552,-0.09226569533348083,0.32523778080940247,0.02183087356388569,-0.9453802704811096
1687919070.4140878,0,670,-59.30870056152344,-27.72364616394043,690.2677001953125,0.9234981536865234,-0.22287356853485107,0.3122154474258423,-0.20369917154312134,-0.9745885729789734,-0.0931864008307457,0.325050413608551,0.022459443658590317,-0.9454299807548523
1687919070.4223576,0,670,-59.540428161621094,-27.79811668395996,690.203369140625,0.9236123561859131,-0.22383740544319153,0.3111864924430847,-0.20457421243190765,-0.9743583798408508,-0.09367557615041733,0.32417526841163635,0.022859182208776474,-0.9457207918167114
1687919070.4308014,0,670,-59.789512634277344,-27.863340377807617,690.146728515625,0.9241025447845459,-0.2244669646024704,0.309271901845932,-0.2051897794008255,-0.9742014408111572,-0.0939614325761795,0.3223843574523926,0.023370565846562386,-0.9463202953338623
1687919070.4393206,0,670,-60.018550872802734,-27.920150756835938,690.0585327148438,0.9248447418212891,-0.2240699678659439,0.30733513832092285,-0.2056642472743988,-0.9743382930755615,-0.09147164970636368,0.31994444131851196,0.021389221772551537,-0.9471948146820068
1687919070.4475534,0,670,-59.97822570800781,-27.920181274414062,689.386474609375,0.9278512001037598,-0.2134263962507248,0.3058452308177948,-0.20568989217281342,-0.9769142866134644,-0.057707883417606354,0.31110095977783203,-0.009364939294755459,-0.9503307342529297
1687919070.4559426,0,670,-59.68405532836914,-27.857839584350586,688.187255859375,0.9327792525291443,-0.19296453893184662,0.3044462203979492,-0.20423084497451782,-0.9789085388183594,0.005280626472085714,0.2970060408115387,-0.06710296869277954,-0.9525148868560791
1687919070.4641652,0,670,-59.24126434326172,-27.75323486328125,686.7182006835938,0.938605785369873,-0.1668565422296524,0.30195704102516174,-0.20051930844783783,-0.9760884046554565,0.08392534404993057,0.28073328733444214,-0.13932102918624878,-0.9496201872825623
1687919070.4725435,0,670,-58.764217376708984,-27.615619659423828,685.2700805664062,0.9440200924873352,-0.14163246750831604,0.2979367971420288,-0.19531911611557007,-0.9677973389625549,0.1588042825460434,0.26585057377815247,-0.20810717344284058,-0.941283643245697
1687919070.4808574,1,667,-60.66741943359375,-27.989994049072266,689.8294677734375,0.9263203144073486,-0.22361759841442108,0.30319270491600037,-0.2052982896566391,-0.9744181036949158,-0.09144368767738342,0.31588488817214966,0.02246120385825634,-0.9485316276550293
1687919070.489178,1,667,-60.662498474121094,-27.920446395874023,689.7164916992188,0.9261835813522339,-0.22424830496311188,0.303144633769989,-0.20597043633460999,-0.9742783904075623,-0.09142118692398071,0.31584832072257996,0.02223397046327591,-0.9485491514205933
1687919070.4973855,1,667,-60.62968444824219,-27.82754898071289,689.5996704101562,0.9259657859802246,-0.22477693855762482,0.3034183979034424,-0.20658917725086212,-0.9741668701171875,-0.09121313691139221,0.31608274579048157,0.021777285262942314,-0.9484816789627075
1687919070.5057642,1,667,-60.572086334228516,-27.71796989440918,689.4851684570312,0.9258668422698975,-0.22528402507305145,0.3033442199230194,-0.20710578560829163,-0.9740518927574158,-0.0912691205739975,0.3160344958305359,0.021678702905774117,-0.9484999775886536
1687919070.5139878,1,667,-60.491329193115234,-27.592796325683594,689.3660888671875,0.9258776307106018,-0.22562678158283234,0.3030563294887543,-0.20753039419651031,-0.9739776253700256,-0.09109750390052795,0.31572413444519043,0.021451741456985474,-0.9486085176467896
1687919070.5226228,1,667,-60.38965606689453,-27.45100212097168,689.2335815429688,0.9258905053138733,-0.22558319568634033,0.3030495047569275,-0.20776107907295227,-0.9740057587623596,-0.0902668759226799,0.31553465127944946,0.020615354180336,-0.9486901164054871
1687919070.5306613,1,667,-60.26978302001953,-27.293869018554688,689.0989379882812,0.925981879234314,-0.2251797467470169,0.30307039618492126,-0.20780661702156067,-0.9741261601448059,-0.08885174989700317,0.3152364194393158,0.01929508149623871,-0.9488170146942139
1687919070.539205,1,667,-60.122413635253906,-27.123634338378906,688.9644165039062,0.9262251853942871,-0.22497539222240448,0.30247801542282104,-0.20784230530261993,-0.9741837382316589,-0.08813399076461792,0.3144971430301666,0.01876419596374035,-0.9490729570388794
1687919070.5474436,1,667,-59.92996597290039,-26.930696487426758,688.79833984375,0.9261195659637451,-0.2248889058828354,0.302865594625473,-0.20810817182064056,-0.9742258787155151,-0.08703384548425674,0.31463244557380676,0.017574941739439964,-0.9490508437156677
1687919070.555705,1,667,-59.72225570678711,-26.70284652709961,688.636474609375,0.9257962107658386,-0.22497901320457458,0.3037857711315155,-0.2086070030927658,-0.9742317795753479,-0.0857648253440857,0.31525301933288574,0.016028912737965584,-0.9488722681999207
1687919070.5640097,1,667,-59.5159912109375,-26.42947769165039,688.4887084960938,0.925499677658081,-0.2250191569328308,0.3046584129333496,-0.2091377079486847,-0.9742500185966492,-0.08425188064575195,0.31577175855636597,0.014259528368711472,-0.9487280249595642
1687919070.5723767,1,667,-59.31541442871094,-26.123668670654297,688.3489379882812,0.9253190755844116,-0.22482900321483612,0.3053465783596039,-0.20964424312114716,-0.9743248820304871,-0.08209914714097977,0.31596505641937256,0.011953753419220448,-0.9486955404281616
1687919070.580744,1,667,-59.129886627197266,-25.79209327697754,688.2320556640625,0.9253577589988708,-0.2248942255973816,0.3051813542842865,-0.21027812361717224,-0.9743294715881348,-0.0804065614938736,0.3154301345348358,0.010231868363916874,-0.9488936066627502
